(44, 23)
(44, 78)
0
[  3.37820250e-04  -6.83403698e-05  -1.62230657e-04  -1.80440927e-04
  -6.13236907e-05  -3.37163732e-05  -5.89203968e-05  -2.07485491e-05
  -6.31503495e-06   5.27798881e-05   6.18692197e-05   2.65777153e-04
   3.83869726e-05   9.66919904e-05   1.38501923e-04  -1.99612601e-06
  -1.77095260e-05  -1.07385068e-04   1.11131077e-04   9.09546198e-05
  -3.11630897e-05   2.10296310e-05   1.12251486e-04]
1
[ -1.06576829e-04  -9.16733752e-05  -8.43623759e-05  -8.65503851e-05
  -1.63678918e-05  -1.63329222e-05  -1.65898644e-05  -1.69517175e-05
  -2.03328481e-05  -1.23282079e-04  -1.71421998e-04  -1.81645215e-04
  -1.60239698e-04  -1.51478511e-04  -1.37807273e-04  -1.27031419e-04
  -1.03115668e-04  -8.54231873e-05  -6.60684694e-05  -5.29382364e-05
  -4.63185655e-05  -3.81206820e-05  -3.73562871e-05]
2
[  6.49941264e-06   1.56190346e-05   6.61794123e-05   6.38997163e-05
  -2.41864791e-05   2.12441232e-05  -1.51620247e-05   2.58560493e-05
   4.55914378e-05   1.70767161e-04  -1.22869902e-05   1.73438115e-04
   2.55930559e-04   2.12797581e-04  -1.29716731e-04  -2.05493524e-05
   1.43225141e-04   2.55943592e-04  -2.92930443e-05  -3.45529592e-04
  -3.44820953e-04  -2.58332281e-04  -5.35198330e-05]
3
[ -6.37032946e-05  -5.30938482e-05  -5.26532321e-05  -6.37370825e-05
  -1.15455183e-05  -1.23163142e-05  -1.20380744e-05  -1.36116677e-05
  -1.42957253e-05  -1.09990019e-04  -1.58148751e-04  -1.36633464e-04
  -1.06383107e-04  -9.09314966e-05  -8.45494100e-05  -7.65895582e-05
  -6.40813319e-05  -6.06197191e-05  -4.55630803e-05  -3.71836897e-05
  -2.63726306e-05  -1.87682243e-05  -1.80528963e-05]
4
[ -1.99130598e-04   2.93407466e-04  -3.89275769e-05  -5.20290988e-05
   7.09817061e-05   1.99860323e-05   1.46071666e-06  -5.61604916e-05
  -7.60363572e-05  -2.75515007e-04   3.51320654e-05   2.89001098e-04
   4.08274555e-04   8.37184843e-05  -4.13758586e-04   4.98069189e-04
   9.23044075e-05  -1.84562141e-04   4.41711763e-04   2.52478428e-04
   2.09990497e-04  -1.94338069e-04  -2.69643248e-04]
5
[  9.32709441e-05   2.02441257e-04  -9.45230386e-05   6.86039672e-05
   2.79408886e-05  -2.71151775e-05  -3.04759786e-06   2.09343643e-05
   4.60951661e-05  -2.69735250e-04   5.99316184e-05   5.05926952e-04
  -2.55936377e-05  -1.11760717e-04  -1.10059882e-04   2.02508323e-04
   3.42734848e-04   1.02987954e-04  -1.28046300e-04  -2.59398507e-04
  -1.57978418e-04   2.35466052e-04   2.95635969e-04]
6
[ -1.17557282e-04  -9.85524124e-05  -9.29244997e-05  -1.04083162e-04
  -1.97546087e-05  -2.03401282e-05  -1.97969109e-05  -2.13991593e-05
  -2.28168749e-05  -1.53886582e-04  -2.10273406e-04  -2.04600323e-04
  -1.83157782e-04  -1.68142645e-04  -1.62434651e-04  -1.43393991e-04
  -1.22941384e-04  -1.10270332e-04  -7.80758190e-05  -6.03340892e-05
  -4.52482572e-05  -3.27863219e-05  -3.00961858e-05]
7
[ -1.30886456e-04  -1.22678451e-04  -1.24598222e-04  -1.42047695e-04
  -2.72101225e-05  -2.78374030e-05  -2.74727976e-05  -2.91590984e-05
  -3.03480077e-05  -1.82386331e-04  -2.21022168e-04  -2.03986336e-04
  -1.85158534e-04  -1.90995098e-04  -1.97281888e-04  -1.82836344e-04
  -1.59416162e-04  -1.39463722e-04  -1.02640654e-04  -8.50571520e-05
  -7.30741432e-05  -5.80466901e-05  -5.48559553e-05]
8
[ -2.65844393e-05  -4.44885028e-05  -4.64815821e-05  -4.46130546e-05
  -1.14157891e-05  -9.48221799e-06  -7.50447081e-06  -1.00127423e-05
  -6.49833174e-06  -5.41008139e-05  -6.77430507e-05  -1.91439756e-05
  -1.14689679e-05  -2.20179644e-05   8.56699796e-06   1.78507147e-05
   1.68185557e-05   8.54174620e-06   2.67057932e-06  -5.27710913e-06
  -1.09152121e-05  -8.17836840e-06  -9.65209455e-06]
9
[  4.15029713e-04   3.51519127e-04   2.30899534e-04   2.37187032e-04
   3.67913211e-05   3.90942637e-05   3.72726993e-05   4.29092457e-05
   7.87498760e-05   4.86982808e-04   4.75600955e-05  -1.81328625e-04
  -1.69258763e-04  -6.02147774e-05  -1.34072495e-04  -1.67806653e-04
  -2.67645913e-04  -2.77355338e-04  -1.70130119e-04  -1.43786218e-04
  -8.72683416e-05  -1.20216210e-04  -1.34110096e-04]
10
[  1.82523070e-04   1.23552104e-04   1.31243352e-04   2.92354141e-04
  -5.43678013e-06   4.41605219e-05  -8.43051250e-06   1.58539462e-04
   1.09725563e-04   2.12897055e-04   2.95998022e-05   2.95767419e-04
  -2.04944283e-05  -8.25560561e-05   2.70777223e-05   1.47042677e-05
  -3.71294925e-04  -4.01095925e-04  -1.66627206e-04  -1.63190688e-05
   2.64472227e-04   2.99706871e-04   5.39723352e-05]
11
[ -1.04992434e-04  -1.72966692e-04  -1.11616222e-04  -1.37992726e-04
  -3.72180488e-05  -2.83843836e-05  -3.02442707e-05  -3.68992595e-05
  -5.64402643e-06   1.02517493e-05   5.14983492e-05   1.23731934e-04
  -1.55121730e-05  -1.03046830e-04   1.77555188e-05   8.78488835e-05
   4.52616740e-05   9.02375576e-06   1.97101146e-06   3.21771049e-05
   6.65975208e-05   1.08442341e-04   1.98326312e-04]
12
[ -2.54671560e-04  -1.70505020e-04   2.96477534e-04   3.57620711e-04
   1.93578464e-04   7.33523291e-05   1.21583543e-04   4.48214817e-05
  -4.13914191e-05  -1.91923852e-04   9.09894720e-05   3.50975945e-04
   3.64519775e-04  -9.27980844e-05  -5.79544811e-04   6.40072045e-05
   5.36722938e-04   7.02623795e-04   4.52366351e-04  -1.01656003e-04
  -7.12264421e-04  -8.27201755e-04  -4.90417317e-04]
13
[ -7.01711977e-05  -6.74987920e-05  -7.89596176e-05  -9.51816362e-05
  -1.66466212e-05  -1.94604307e-05  -1.86495136e-05  -1.99969103e-05
  -2.02757330e-05  -1.29080370e-04  -1.52649988e-04  -1.18473393e-04
  -9.97495873e-05  -1.00460130e-04  -1.06952440e-04  -1.05624322e-04
  -8.67620660e-05  -7.09906629e-05  -5.50762745e-05  -4.67591911e-05
  -3.97559593e-05  -3.35397578e-05  -3.29914233e-05]
14
[ -8.08451567e-05   2.66233518e-04  -2.07489716e-05  -3.50322926e-04
  -8.85773699e-05  -1.51182679e-04  -1.24269823e-04  -3.87888799e-05
   4.86852750e-05   2.69195940e-04   7.71322928e-05  -1.38995377e-04
   3.40083658e-04   7.54321940e-04  -4.16598482e-07  -7.24501274e-05
  -3.43316103e-04   6.42901080e-06   7.61689179e-05  -2.25205239e-06
  -9.34991153e-05  -4.12239249e-05   1.00769958e-04]
15
[ -7.28674586e-05  -9.43555171e-05  -8.13888082e-05  -6.36237317e-05
  -1.99479216e-05  -1.24480003e-05  -1.29590824e-05  -1.17941844e-05
  -7.24564012e-06  -5.88363762e-05  -6.00603728e-05  -4.77321186e-05
  -3.66261841e-05  -2.41297219e-05   6.11269327e-06   6.37873581e-06
   1.53839912e-05   1.67377015e-05  -1.94287795e-06   8.52485237e-07
  -6.63242829e-06  -9.30733616e-06  -1.04565723e-05]
16
[  1.95065654e-05   4.10465816e-05   5.93882219e-05   5.34995684e-05
   1.24841782e-05   1.19487500e-05   1.12015018e-05   9.38693510e-06
   8.17043541e-06  -5.46473605e-06  -8.19985754e-05  -8.56992231e-05
  -5.88637320e-05  -2.85570592e-05  -1.71793201e-05  -1.62347826e-05
  -2.19467707e-05  -2.11173650e-05  -5.51808597e-06   4.89184599e-06
   1.26336975e-05   3.36174569e-06  -8.87540076e-06]
17
[ -2.27700932e-05  -3.56842014e-04  -3.64716503e-04  -2.27447079e-04
  -7.86233119e-05  -4.49424760e-05  -5.37664156e-05  -1.85756689e-05
  -3.19353173e-05  -3.34299074e-05  -7.70875565e-05   3.06828585e-04
   3.74914749e-04   1.16543669e-04   1.25617379e-04   2.61723025e-04
   1.15757731e-04  -2.70846840e-05  -1.34004244e-04  -1.03285674e-04
  -1.18946450e-04  -5.66227416e-05  -5.31899735e-05]
18
[ -1.76660293e-04  -1.75153343e-04  -1.39854602e-04   1.72945060e-05
  -9.96927813e-06  -2.73412911e-05  -4.47401667e-06   2.20765219e-05
   3.71700598e-05   2.36852589e-04   1.21197384e-04   4.39321002e-05
  -1.08044258e-04  -6.69685735e-05   4.28439586e-05   5.84731692e-05
   5.59427578e-05  -1.82045429e-05   5.80647059e-06  -1.60490141e-05
  -5.79419585e-05  -3.23613528e-05  -1.23910567e-04]
19
[ -2.63984987e-05  -4.68448390e-05  -5.16289362e-05  -5.68052418e-05
  -1.46288931e-05  -1.12633628e-05  -1.03112826e-05  -1.27862252e-05
  -8.31285993e-06  -8.25133801e-05  -1.18406308e-04  -4.98509117e-05
  -3.11493132e-05  -4.44071323e-05  -7.23192075e-06   5.47175686e-06
   2.35495380e-06  -1.18210034e-05  -1.58301492e-05  -2.64528953e-05
  -3.43687859e-05  -2.90320439e-05  -3.28535869e-05]
20
[  5.34651907e-04   6.70289328e-05  -4.18887410e-04  -1.06722016e-03
  -2.28017743e-04  -1.77891990e-04  -2.40596963e-04  -2.49901326e-04
  -1.87740831e-04  -1.44967639e-03  -1.76477890e-03  -8.21601161e-05
   1.50148180e-03   1.33602960e-03   1.07813955e-03   2.78205307e-04
   5.41907525e-04   5.58860031e-06  -3.98808122e-04  -9.34011029e-04
  -9.70972144e-04  -9.50193155e-04  -1.02021934e-03]
21
[  3.64814065e-05  -2.60397264e-04   2.01257823e-04   1.47206458e-04
   3.59218217e-05  -1.14467349e-04   1.76726963e-04   1.28836263e-04
  -4.09161612e-05  -2.28563707e-04   2.81235936e-04   4.42239326e-04
  -3.39365683e-04   2.20473444e-04   2.87609622e-04   5.83347676e-04
  -1.87232865e-05  -3.54702586e-04  -6.60946982e-05  -3.30171695e-04
  -2.41633275e-04  -1.00057539e-04   3.90925831e-04]
22
[ -7.67523383e-05   1.16548406e-04  -9.49676541e-05   6.11536101e-05
  -1.20171885e-05  -2.52630289e-05  -2.00152927e-06  -5.67063817e-06
   1.14627688e-04  -2.76292393e-05  -1.36833183e-04   4.78557738e-05
   7.92186689e-04   5.11761797e-04  -6.10027099e-04   1.32965663e-04
   1.14719692e-04  -1.81953720e-04   2.91538704e-04   4.23308129e-04
   1.97138173e-04  -2.42912872e-04  -2.73465563e-04]
23
[  5.32125745e-04   4.31420205e-04   4.93905975e-04   4.73503564e-04
   1.14435568e-04   9.67089808e-05   9.26675963e-05   8.15977454e-05
   8.90641319e-05   3.78196718e-04  -1.56605406e-04  -3.43024517e-04
  -4.49954789e-04  -2.30047514e-04  -8.21918086e-05  -1.55852311e-05
  -2.16716491e-04  -3.54230477e-04  -1.44726625e-04   5.56237519e-05
   1.93989647e-04   7.28101347e-05  -1.20332525e-04]
24
[  1.22132151e-04   8.92376561e-05   1.24234871e-04   5.21392240e-05
   8.80381468e-06   2.52478663e-05   1.41228888e-05   6.45125881e-06
  -2.70768053e-07   5.13363162e-05   1.19910030e-04   1.05631170e-04
   3.22733725e-05   1.95982773e-05   1.76408916e-05  -6.55106891e-06
  -7.29385356e-05  -1.33169511e-04  -9.39448616e-05  -3.79125606e-05
  -1.12763049e-05   1.83738384e-05   7.65915145e-05]
25
[  8.17033658e-04  -4.10172917e-04  -7.51510673e-04   4.30049571e-04
   1.73152053e-04   3.35744603e-04   1.49140615e-04   1.91031181e-04
  -4.31941049e-04   7.17804062e-05   5.09075583e-04  -1.40631483e-03
   3.39265852e-04  -5.22189207e-04   1.53055058e-03  -3.96123872e-04
  -3.35502027e-04   1.62441841e-04  -2.19688554e-04   7.91252082e-04
   8.09763449e-04   1.29207993e-04  -9.33617732e-04]
26
[  7.37899695e-04  -1.45732110e-04  -1.34242017e-04  -3.20267360e-04
  -1.47244857e-04  -1.17641076e-04  -7.40483117e-05  -2.39141189e-05
   4.39139549e-05   2.03019394e-04   4.06551777e-05   1.31811912e-04
   2.23849381e-04   2.77448669e-04  -1.10122188e-04   2.42795071e-04
  -4.98435790e-04   2.46646908e-04  -2.14223628e-04  -9.60245522e-05
  -1.34003151e-04   2.43556139e-04   7.47676943e-04]
27
[  6.03412477e-05   6.65346245e-05  -5.19723661e-05  -3.22466460e-04
  -9.53969155e-05  -7.99936035e-05  -8.18129487e-05  -2.60832365e-05
  -3.89804206e-05  -2.10709059e-04   5.50947829e-05   1.68521389e-04
   2.34262286e-04   3.16983605e-04  -1.25677582e-04  -1.70345320e-05
   4.42143211e-05   1.60677032e-04  -3.50376748e-07  -1.77996427e-05
  -9.65482692e-06   1.03110540e-04   6.03676647e-04]
28
[  5.49520423e-05   3.40222091e-05  -4.55746971e-06  -4.91982681e-05
  -8.49451060e-06  -7.31656340e-06  -1.04003976e-05  -1.13757684e-05
  -1.14845614e-05  -1.01314449e-04  -1.27749675e-04  -6.30367685e-05
  -1.91694057e-05  -1.57574507e-05  -3.12823202e-05  -2.72554258e-05
  -3.75742043e-05  -5.36456732e-05  -4.20185838e-05  -3.53751460e-05
  -4.26731142e-05  -2.36803951e-05  -1.25205849e-05]
29
[  3.39473335e-04   1.25740516e-04  -6.83964815e-06  -1.47716511e-04
  -3.53991833e-05  -2.49220320e-05  -3.18990747e-05  -3.96931505e-05
  -1.83890924e-05  -2.30815759e-05  -2.80484437e-05   2.05081947e-04
   3.22766061e-04   1.91707856e-04   8.56191611e-05  -3.54847040e-05
  -1.45915886e-04  -2.22589275e-04  -2.14823174e-04  -2.28360204e-04
  -1.99804320e-04  -1.96432188e-04  -2.29507084e-04]
30
[ -7.90389768e-04   1.34218397e-03  -9.98838963e-06  -1.77637450e-04
  -5.33899935e-05   3.35065989e-05  -2.07467874e-04  -2.18597365e-04
   2.16716908e-04   3.38122763e-04  -7.33736804e-05   1.16052150e-04
   4.84924735e-04   5.28956941e-04  -5.90711744e-04  -5.07269031e-04
   5.79675138e-04   7.37251307e-04   8.61884009e-05  -1.08127078e-03
  -1.05280021e-03   1.19458782e-04   7.55492843e-04]
31
[ -1.17141960e-03   4.29483698e-04   4.81667873e-04   5.20040529e-05
   3.96412946e-05  -4.40543508e-05   1.46185985e-04  -1.38399379e-04
   6.73344552e-05  -1.69181887e-04  -6.50706084e-05   4.79611126e-04
   3.74372977e-04   8.07599804e-04  -2.85794972e-04  -2.16001222e-04
   2.66428191e-04   1.65456055e-04   3.37599540e-04   3.28205909e-05
  -1.84208350e-04  -2.39756684e-04  -3.05258093e-04]
32
[ -6.57188044e-05  -1.58689284e-04  -3.58483323e-04  -3.14809881e-04
  -1.38656216e-04  -3.88162311e-05  -7.60803519e-05  -1.15244261e-04
   3.57839068e-05  -1.23837568e-04  -3.37945550e-04   1.59988505e-04
   1.60575882e-04   3.26207761e-06   2.86131995e-04   3.73586577e-04
   5.31724205e-04   3.91888056e-04   1.44144826e-04  -1.73306887e-04
  -2.38368584e-04  -9.42430213e-05   5.91038950e-07]
33
[ -3.96466501e-04  -3.58234246e-04  -1.10494591e-04   3.28574460e-04
   6.74216146e-05   8.69416414e-05   6.59812477e-05   1.03131040e-04
   3.69349115e-06   4.39626546e-04   1.45953178e-04  -7.05237301e-04
  -4.81865092e-04  -3.48689010e-04   3.19479834e-04   1.52712458e-04
   3.37617682e-04   4.96256435e-04   1.36512776e-04   1.77417969e-04
   7.23813721e-05  -4.54084563e-05  -1.80743703e-04]
34
[  4.74895114e-04  -7.96166570e-06  -1.82724013e-04  -1.00162986e-04
  -7.66259773e-05  -4.66552406e-05   8.80481200e-06   1.46798344e-05
  -5.30951004e-07   1.25215387e-04   8.26897563e-05   2.26795802e-04
  -1.83669301e-04  -8.01765366e-05   2.82165677e-04   3.67297084e-04
   1.29558201e-04  -2.09460525e-04  -4.60394251e-05  -1.35037109e-04
  -2.62847614e-04  -1.72121394e-04  -1.55237360e-04]
35
[ -6.73679682e-05  -7.16131135e-05  -6.43826501e-05  -7.20743663e-05
  -1.76085745e-05  -1.81713785e-05  -1.80335953e-05  -1.31658291e-05
  -5.90091075e-06   6.50027115e-05   1.38628469e-04   6.65342794e-05
  -3.24501422e-05  -8.79693622e-05  -1.02339062e-04  -1.07912842e-04
  -9.83310440e-05  -8.32073563e-05  -5.65091913e-05  -5.00601709e-05
  -3.82782883e-05  -4.05515083e-05  -4.29359913e-05]
36
[  1.17971233e-04   1.34593731e-04   1.49643672e-04   1.53064927e-04
   2.92565843e-05   3.03966841e-05   2.64095987e-05   2.91356131e-05
   3.82298240e-05   2.48053682e-04   6.74376904e-05  -7.83928580e-05
  -1.74024168e-04  -1.11872553e-04  -5.40630419e-05  -4.06833897e-05
  -1.32276179e-04  -1.59791610e-04  -7.17179098e-05   1.87933436e-06
   7.65548245e-05   8.21371051e-05   5.24718042e-05]
37
[ -7.16033483e-04   1.33527465e-04   1.62366353e-04   1.47515733e-04
  -1.30483285e-05  -1.04361613e-05   2.38570460e-05   9.48386290e-05
   6.33154931e-05   1.28689749e-04  -3.12482568e-04   4.97750316e-04
   6.15122813e-04   3.88114171e-04  -3.77593741e-04   4.03410125e-04
   1.91805350e-05  -1.14511340e-05  -1.67052867e-04  -2.18602271e-04
  -2.63359341e-04  -8.91493628e-06   4.67161695e-04]
38
[  9.64194615e-05   9.15949598e-05   6.12501838e-05   6.25815448e-05
   1.09793157e-05   1.18685331e-05   1.00320618e-05   1.20166625e-05
   1.74152416e-05   1.11550971e-04  -2.03217995e-05  -9.34641952e-05
  -9.93109264e-05  -8.45834228e-05  -1.13044964e-04  -1.13362949e-04
  -1.31438773e-04  -1.17393754e-04  -7.09313092e-05  -5.48524740e-05
  -4.65759086e-05  -5.40886405e-05  -5.80205841e-05]
39
[ -1.17782241e-05  -2.81018392e-05  -8.08245661e-06  -8.52278680e-07
  -3.35813751e-06   1.06780436e-06  -1.78734104e-06   3.42626367e-06
  -2.67589176e-07   1.92910187e-05   3.20123009e-06   1.67326059e-05
  -9.24310318e-06  -2.81761238e-05  -1.61212157e-05   3.98429382e-06
  -2.36930791e-06  -4.38766969e-06  -1.59447902e-05  -1.77975062e-05
  -1.71764909e-05  -3.70137099e-06   2.13040701e-05]
40
[ -5.26801853e-05  -4.30771096e-05  -4.49576606e-05  -4.95080956e-05
  -1.01347827e-05  -9.92978665e-06  -9.11741432e-06  -9.94105595e-06
  -1.02334560e-05  -7.78945768e-05  -1.19469725e-04  -1.14068348e-04
  -7.74825231e-05  -7.01215675e-05  -8.24272302e-05  -8.78130822e-05
  -7.67124450e-05  -6.11561883e-05  -3.64908697e-05  -2.27738562e-05
  -2.27169165e-05  -2.46322050e-05  -3.02304444e-05]
41
[  3.83886684e-04   2.97736604e-05  -1.53316030e-04  -2.08271484e-04
  -6.32369759e-05  -5.41745041e-05  -6.85844987e-05  -6.28980890e-05
   4.46277562e-05   5.09488400e-04  -7.90296081e-05   1.46839973e-04
  -2.35498216e-05  -1.08743396e-04  -4.85320437e-05   1.31405129e-04
   5.73433790e-05  -2.49314523e-05  -3.12734394e-06  -6.18467581e-05
  -4.83037543e-05   4.08381468e-05   3.54858951e-04]
42
[  4.39989723e-04   4.44028640e-04   4.48568239e-04   2.69772963e-04
   5.92372182e-05   4.87330204e-05   6.71440340e-05   4.77702216e-05
   4.54232379e-05  -1.03780235e-04  -4.85034755e-04  -4.83265818e-04
  -3.23993126e-04   9.48325491e-06  -6.34620850e-05   4.37421158e-05
  -1.64246932e-04  -1.58096608e-04  -6.62791794e-06   1.34974318e-04
   2.83492725e-04   3.43240395e-04   4.99049969e-04]
43
[  9.79954703e-05   8.20227021e-05   7.24491201e-05   2.05352539e-04
   1.25691391e-05   4.83960556e-05   3.01795271e-05   5.58579669e-05
   5.59345652e-05   4.48214494e-04   1.41741262e-04   2.85959219e-05
  -1.39275180e-04  -9.53384704e-05  -1.25466781e-04   1.15987717e-05
  -6.97473749e-05  -1.19481928e-04  -1.49017245e-04  -1.07357925e-04
  -2.12946657e-05   5.55393259e-05   9.72196706e-05]
44
[ -5.65930609e-05  -6.37744329e-05  -6.17640171e-05  -5.62755630e-05
  -1.43377054e-05  -1.39205807e-05  -1.39394927e-05  -1.07793823e-05
  -3.42782384e-06   8.60078362e-05   1.70782000e-04   8.96208908e-05
  -7.67956345e-06  -6.08333034e-05  -7.71325803e-05  -7.78748593e-05
  -7.36585121e-05  -5.77735725e-05  -3.76157379e-05  -2.46597651e-05
  -1.94626172e-05  -2.18232644e-05  -2.59776566e-05]
45
[ -1.29279521e-04  -1.79987392e-04  -1.76507599e-04  -1.35757214e-04
  -3.81345577e-05  -3.60145704e-05  -2.68917464e-05  -2.56416561e-05
  -9.53832255e-06   5.46767085e-05   1.43989946e-04   1.40123765e-04
   1.54736353e-05  -4.80856618e-05   1.29081484e-06   2.08309558e-05
   4.41820221e-05   3.54517317e-05   2.22505058e-05  -4.02484025e-06
  -3.16787755e-05  -1.66010761e-05  -1.79049507e-07]
46
[  1.72440974e-05  -7.00292532e-05  -1.66043935e-05  -1.04387085e-04
  -5.43317172e-05  -9.88895507e-06  -8.20315635e-05   8.94771139e-06
   3.24702186e-05   2.14559613e-04   6.04023180e-05   1.33517625e-04
   1.80858893e-04   3.00665650e-04   5.46084050e-05   1.30636511e-04
  -3.50902304e-05  -1.95390217e-04  -3.17130210e-04  -1.14904106e-04
   4.98633445e-05   2.94752855e-04   2.71780188e-04]
47
[  2.88744447e-04   3.08487668e-04   8.58261378e-04   4.89044548e-04
   1.64981368e-04   1.44042551e-04   1.08391403e-04   5.56382033e-05
   1.63079578e-05   4.94737660e-04   5.79615952e-04   3.08000836e-04
  -2.70412904e-04  -6.66478696e-04  -3.22432940e-04  -6.99280375e-04
  -8.60524827e-04  -5.66261411e-04  -1.88264002e-04   5.53205238e-04
   7.06867131e-04   2.82082848e-04  -3.75789944e-04]
48
[ -4.08069488e-05  -1.95142302e-04  -2.29178840e-04  -1.98133314e-04
  -6.17733033e-05  -4.86429460e-05  -3.24291127e-05  -4.72458240e-05
  -9.48486317e-06  -3.46501432e-05  -2.63171169e-05   1.65680033e-04
   9.14597341e-05  -1.85751861e-05   1.16656653e-04   1.44449664e-04
   1.14135282e-04   8.56151264e-05   5.64510833e-05   9.38491707e-06
  -3.55376614e-05  -2.12246925e-05  -1.40343973e-05]
49
[ -2.43063589e-04  -4.03545945e-05   1.91164122e-04   2.93433421e-04
   6.02967811e-05   4.31559099e-05   7.93279099e-05   5.14139429e-05
   6.08451472e-05   6.10300188e-05  -4.92886384e-04  -6.37663137e-04
  -5.72609276e-04  -1.70987057e-04   1.58058464e-04   4.13852650e-04
   3.25042832e-04   1.52102086e-04   1.88392905e-04   2.07837390e-04
   3.07755007e-04   2.96960645e-04   2.97999511e-04]
50
[ -1.01549900e-04   9.91273355e-05   1.23374248e-04  -1.64504185e-04
   3.89183773e-05  -7.11757719e-05  -2.46817820e-05  -9.15341535e-05
  -8.21277025e-06  -2.03570089e-04   5.01634254e-05   4.16472721e-04
   2.92687119e-04   2.84651108e-05  -9.82863814e-05   2.15388827e-04
   2.53489271e-04  -4.71612798e-05  -6.87567469e-05  -2.92162375e-04
  -1.26706103e-04   1.85195244e-04   4.73704655e-04]
51
[ -9.88007969e-04  -6.47918323e-04  -6.98833795e-04  -9.77994858e-04
  -1.40975836e-04  -7.90007660e-05  -1.41637096e-04  -1.67930377e-04
  -4.20264169e-04  -2.71423799e-03   1.01795075e-03  -2.20888069e-04
  -2.75653959e-04   3.28659988e-04  -2.54872029e-04  -6.80024130e-04
   6.59208204e-04   1.69603392e-03   1.99266671e-03   1.30076960e-03
   8.65770875e-04   7.97747046e-04   1.61075281e-03]
52
[ -7.29760688e-06  -2.97494921e-05   8.67970695e-05  -1.89149961e-04
   4.75037093e-05  -4.72996704e-05  -5.13264041e-05  -6.22303813e-05
  -6.96459341e-05  -1.16788822e-04   1.95229718e-04   1.10895897e-04
   7.07943896e-05   2.84862456e-04   3.71370991e-04  -8.17591251e-05
  -2.03473610e-04  -1.03568272e-05  -7.13322211e-05   1.11443557e-04
   1.97747735e-04   1.53727713e-04   9.40050220e-05]
53
[ -1.53557519e-03  -9.58716656e-04  -4.60205304e-04   1.68137742e-04
  -1.12085345e-05  -3.28605840e-05   3.57409009e-05   3.87938279e-05
   1.50653936e-04   4.85110038e-04  -8.74280301e-06  -8.70206698e-04
  -8.22261155e-04   2.52342338e-07  -2.07830481e-04  -1.02094449e-04
   1.49455810e-04   7.07219851e-04   7.32675928e-04   1.16251442e-03
   1.08545725e-03   1.11920182e-03   1.35169058e-03]
54
[  3.13808474e-04   3.66672227e-04   3.77502499e-04   5.75338544e-04
   1.11214941e-05   1.28765172e-04   6.28100879e-05   1.58657461e-04
   2.04473473e-04   1.26537051e-03  -1.38129504e-05  -2.73187296e-04
  -2.43219047e-04  -4.15618166e-04  -3.67683047e-04  -3.95290689e-04
  -3.76417389e-04  -5.21686228e-04  -1.24146965e-04   2.29747633e-04
   4.42288184e-04   1.16154767e-04  -2.88443153e-04]
55
[  2.17661490e-04  -2.92946561e-04  -9.04435476e-05   1.85048908e-04
  -5.02440598e-05   6.38647349e-05   2.49593887e-05   8.36631847e-07
   1.27050182e-04   3.27555444e-04  -5.97252154e-05   9.47547769e-06
   6.53328168e-05  -1.54351132e-04   4.63558087e-04   1.45717730e-04
   8.34561551e-05   1.29744837e-04  -3.25891659e-05  -3.90836067e-05
  -1.62107643e-04  -3.84110144e-04  -6.65108834e-04]
56
[ -5.21197517e-05  -5.30475891e-05  -5.07792316e-05  -5.17043400e-05
  -1.14873384e-05  -1.05345216e-05  -1.07898293e-05  -1.09226299e-05
  -8.17621474e-06  -2.20387128e-05  -1.73889865e-05  -3.10449382e-05
  -5.38360833e-05  -7.19780090e-05  -6.44494423e-05  -5.80703842e-05
  -4.83995104e-05  -4.27928542e-05  -3.42874849e-05  -3.46619037e-05
  -3.34788711e-05  -2.87778103e-05  -2.84908520e-05]
57
[ -7.07137341e-06  -6.16497366e-06   6.07688026e-05   1.84672012e-04
   3.82026470e-05   1.97199352e-05   3.44375489e-05   4.13950993e-05
   5.13822197e-05   2.01042295e-04   1.38362710e-04   4.89318065e-05
  -8.67796099e-05  -9.10220500e-05  -1.75669873e-05  -3.46432354e-05
  -6.67554676e-05  -1.03802067e-04  -1.00944909e-04  -4.25414540e-05
  -2.61774152e-05  -3.93639377e-05  -1.70180473e-04]
58
[ -3.96381201e-05  -6.61783644e-05  -7.00185646e-05  -6.73401071e-05
  -1.70144638e-05  -1.44309406e-05  -1.17390976e-05  -1.48089478e-05
  -9.72027016e-06  -6.54696156e-05  -6.47176011e-05  -4.87640600e-06
  -5.56137151e-06  -2.82370556e-05   7.74677842e-06   2.01468011e-05
   1.77266304e-05   7.13306706e-06   1.75087889e-06  -8.43086904e-06
  -1.64799807e-05  -1.37991773e-05  -1.61571321e-05]
59
[ -1.28061742e-04  -1.13770215e-04  -1.13467301e-04  -1.32865722e-04
  -2.49739613e-05  -2.56011601e-05  -2.57701067e-05  -2.72780466e-05
  -2.92666140e-05  -1.77674411e-04  -2.24687633e-04  -2.14768257e-04
  -1.99417813e-04  -1.99253275e-04  -2.04205050e-04  -1.90079512e-04
  -1.64316440e-04  -1.42729132e-04  -1.01300628e-04  -8.03019674e-05
  -6.77471622e-05  -5.57511853e-05  -5.54531524e-05]
60
[ -5.45484868e-05  -8.10888518e-05  -8.74518691e-05  -8.96054696e-05
  -2.06447324e-05  -1.91220006e-05  -1.66067788e-05  -1.88904891e-05
  -1.46638987e-05  -9.48639608e-05  -9.27866662e-05  -2.22303175e-05
  -1.81603623e-05  -3.77678686e-05  -1.02076176e-05   2.61478467e-06
   4.97763585e-06   1.70258322e-06  -5.17615683e-06  -1.20610886e-05
  -1.97445796e-05  -1.51364518e-05  -1.48691994e-05]
61
[  1.70719550e-06  -2.66049258e-04  -9.39334666e-05   1.54217505e-04
   8.32668582e-05   2.75244173e-05   1.88876093e-05   7.67964006e-05
  -4.50085879e-05  -4.12989781e-05   1.51680107e-04   1.99653722e-05
   2.54622419e-04   1.52563330e-04   1.60854300e-04  -7.81681750e-05
  -4.35407677e-05   2.31315366e-04  -1.28181700e-04   1.62408459e-04
   1.15072305e-04   1.60392303e-05  -2.00513801e-04]
62
[  2.24761129e-04   2.32530917e-04   1.37237348e-04  -1.29468387e-04
  -4.67138907e-05   2.00351664e-05  -1.40102187e-05  -1.04479139e-04
   1.50180377e-06  -4.83628328e-05   1.02668669e-04   4.34278839e-04
  -1.13320544e-04  -4.59343441e-04   8.43196334e-05   1.51530006e-04
   3.80991975e-04   1.84967447e-04  -1.29141214e-05  -2.34787951e-04
  -6.34145559e-05   4.12336524e-05   1.10912765e-04]
63
[  5.78018521e-04   2.85938484e-04   5.94145780e-04   1.72686807e-04
   1.37533536e-04   1.15722384e-04   7.62827787e-05  -5.10020113e-05
  -1.03967351e-04  -2.77592382e-04  -2.30286010e-04   6.19099165e-04
   2.68041408e-04  -8.83590235e-05   2.99073768e-04  -5.34848151e-04
  -7.57460940e-04  -6.29743230e-04  -2.54556763e-04   7.53672296e-04
   8.86449350e-04   3.11313386e-04  -1.03319983e-03]
64
[  1.84681977e-04  -3.82500948e-04  -1.54046444e-04   2.39828219e-04
   1.69959223e-04   1.58828604e-04   5.30709342e-05   1.30838565e-04
  -2.71128472e-04  -2.89823587e-04   6.83622281e-04  -4.46622331e-04
   1.25942167e-04  -1.56013081e-04   6.62424439e-04  -2.60613820e-05
   3.33819739e-05   5.32042565e-04  -3.63431131e-04   6.72459671e-05
   1.36792123e-04  -1.71084025e-04  -5.72768629e-04]
65
[ -1.05508280e-04   5.04926147e-06   1.30355085e-04   1.86909180e-04
   3.65034410e-05   3.38644314e-05   4.62867396e-05   3.43459557e-05
   3.57816225e-05  -4.37744143e-05  -3.94910766e-04  -4.43857145e-04
  -3.09560867e-04  -3.49152092e-05   1.30066868e-04   2.08818493e-04
   1.45891287e-04   6.52672865e-05   9.90223325e-05   1.89845117e-04
   2.89320916e-04   2.80802201e-04   2.47529738e-04]
66
[  4.23701225e-04   1.09288239e-04  -1.02204905e-04  -1.15356683e-04
   1.09449747e-05  -1.12945424e-04   6.31484777e-05  -5.06029766e-06
  -7.37874085e-05  -3.10871356e-04   2.19607196e-04   3.51414251e-04
  -1.67747895e-04  -1.69215300e-04   1.03875966e-04   4.19564496e-04
   2.83712304e-04  -2.09105872e-04   1.69730003e-04   4.51644749e-05
  -1.50648192e-04  -2.14846455e-04  -1.35128543e-04]
67
[  1.82435328e-04   1.21797701e-04   3.09105665e-05  -4.07201689e-04
  -1.04977470e-04  -1.32688337e-04  -1.26502229e-04  -3.88263108e-05
  -2.20694318e-05   6.86766312e-05   2.51426237e-04   1.50307171e-04
  -1.42409906e-04   2.05528681e-04   2.09525803e-04   2.70261470e-05
   8.26197276e-05   6.66060386e-05   3.26076359e-04  -2.51234495e-04
  -2.78242894e-04  -2.79351088e-04  -1.64354828e-04]
68
[  2.33169111e-04   3.27935008e-04   3.53783117e-04   5.77188917e-04
   9.67240583e-05   8.76722097e-05   1.14696982e-04   1.07483476e-04
   1.69503506e-04   8.12985815e-04  -2.31278125e-04  -7.74498425e-04
  -8.09219029e-04  -2.77082133e-04  -6.89881463e-05   1.22315314e-04
  -1.45981782e-04  -3.54823860e-04  -1.08577731e-04   1.34397293e-04
   4.29494080e-04   3.94511660e-04   3.03912363e-04]
69
[  3.24369887e-04  -1.77107707e-05  -5.55160542e-05   3.17911102e-04
   8.07594709e-05   9.06551665e-06   1.25120472e-04   6.90665667e-05
   3.69433170e-05  -8.83341033e-05   2.36123152e-04   1.94926584e-04
  -3.93864088e-04  -1.12352769e-04   3.02387519e-04   3.61525163e-04
   2.03557064e-04  -4.21391481e-04  -2.53227457e-04   8.63059600e-06
  -7.07703204e-06  -3.97173852e-05  -3.24730514e-04]
70
[ -2.26447983e-05  -5.41631349e-05  -6.85182248e-05  -8.28611748e-05
  -1.97182950e-05  -1.62447563e-05  -1.56548598e-05  -1.89473933e-05
  -1.30612235e-05  -1.06075035e-04  -1.32723575e-04  -3.74017763e-05
  -1.49100184e-06  -2.33102106e-05   8.01607615e-06   8.91788662e-06
   1.05983336e-05  -9.25490885e-06  -1.86953532e-05  -3.70028033e-05
  -4.53332420e-05  -3.86177562e-05  -4.18087617e-05]
71
[  5.21202411e-05   6.26422668e-05   5.39032997e-05   4.84616085e-05
   9.87286763e-06   9.56146256e-06   7.56552390e-06   8.22772251e-06
   1.26525476e-05   6.57921645e-05  -1.41810417e-05  -6.23093486e-05
  -7.33277656e-05  -7.40564617e-05  -1.04532210e-04  -1.13396641e-04
  -1.18474245e-04  -1.01111987e-04  -6.17815865e-05  -5.30810978e-05
  -4.73336523e-05  -6.09288967e-05  -7.40055686e-05]
72
[  6.04159931e-05  -5.57455620e-05  -3.42835138e-05  -3.77400445e-05
  -8.23795418e-06  -2.51974921e-05  -8.64777038e-07   1.25904955e-05
  -1.08732589e-05  -9.70120452e-05   1.10887610e-04   2.94469573e-04
   1.16989012e-04   2.45856348e-05  -1.95066735e-05   7.71745761e-05
   5.87951319e-05  -2.82484149e-05  -1.56499684e-05  -1.62886348e-05
  -4.23617836e-05   4.34218559e-05   1.42768066e-04]
73
[ -2.06869335e-04  -2.13714663e-04  -1.92536738e-04  -1.55161190e-04
  -4.72669308e-05  -4.21247619e-05  -4.53309464e-05  -2.78156779e-05
   6.46450298e-06   4.08707587e-04   6.22034835e-04   2.33938899e-04
  -1.37099530e-04  -3.16012508e-04  -3.49885050e-04  -3.12572918e-04
  -2.99344093e-04  -2.41679855e-04  -1.70490508e-04  -1.15436196e-04
  -6.51836315e-05  -6.27601739e-05  -6.65797600e-05]
74
[ -1.97394262e-05  -2.93261483e-05  -2.98245898e-05  -3.71200568e-05
  -1.11083258e-05  -8.66880868e-06  -1.50155109e-05  -6.79160471e-06
   4.46416332e-06   9.78966144e-05   2.13461356e-04   5.44106125e-05
  -1.64033839e-05  -4.42463077e-05  -5.96506790e-05  -6.51886259e-05
  -2.48418886e-05   7.77343673e-07  -2.20910852e-05  -3.26810043e-05
  -1.92501209e-05   4.16645388e-06   6.83804082e-05]
75
[  3.22327626e-05   6.42326316e-05   7.87621888e-05   6.76725499e-05
   1.54221104e-05   1.62233251e-05   1.35166584e-05   1.11540324e-05
   1.06478329e-05  -1.02271756e-05  -1.13981966e-04  -1.27407686e-04
  -8.37807505e-05  -6.27988136e-05  -6.33592223e-05  -7.04468926e-05
  -7.54670058e-05  -6.68164273e-05  -3.37990086e-05  -2.62765559e-05
  -1.86521447e-05  -2.71704085e-05  -4.05203366e-05]
76
[ -3.53960527e-04   9.80059861e-05   8.00776122e-04   5.81144628e-04
   1.61756943e-04   1.80773771e-04   8.24915028e-05   8.23945168e-05
   6.03242092e-05  -1.12134177e-04   2.57758352e-04   1.36109156e-04
   2.17967726e-04  -9.68012022e-05   1.33134420e-05  -2.14236666e-04
   1.79321524e-04   2.96131328e-04  -3.10353698e-05  -5.25437553e-04
  -6.58171859e-04  -7.09067816e-04  -7.15900494e-04]
77
[ -1.41212607e-04  -1.28215985e-04  -1.30134196e-04  -1.47386894e-04
  -2.83320572e-05  -2.89588945e-05  -2.88168475e-05  -2.99242553e-05
  -3.13345271e-05  -1.80851456e-04  -2.10030104e-04  -2.03044632e-04
  -1.94492104e-04  -2.01253021e-04  -2.10509084e-04  -1.92969311e-04
  -1.66514197e-04  -1.45431580e-04  -1.03897298e-04  -8.50002892e-05
  -7.25865248e-05  -5.86885490e-05  -5.51477920e-05]
[[  3.37820250e-04  -6.83403698e-05  -1.62230657e-04 ...,  -3.11630897e-05
    2.10296310e-05   1.12251486e-04]
 [ -1.06576829e-04  -9.16733752e-05  -8.43623759e-05 ...,  -4.63185655e-05
   -3.81206820e-05  -3.73562871e-05]
 [  6.49941264e-06   1.56190346e-05   6.61794123e-05 ...,  -3.44820953e-04
   -2.58332281e-04  -5.35198330e-05]
 ..., 
 [  3.22327626e-05   6.42326316e-05   7.87621888e-05 ...,  -1.86521447e-05
   -2.71704085e-05  -4.05203366e-05]
 [ -3.53960527e-04   9.80059861e-05   8.00776122e-04 ...,  -6.58171859e-04
   -7.09067816e-04  -7.15900494e-04]
 [ -1.41212607e-04  -1.28215985e-04  -1.30134196e-04 ...,  -7.25865248e-05
   -5.86885490e-05  -5.51477920e-05]]
